eyes/adela.jpg 37.30 39.12 10.25 
eyes/anezka.jpg 63.44 51.06 14.28 
eyes/anicka.jpg 95.35 109.63 18.74 
eyes/bara.jpg 47.73 49.21 11.27 
eyes/bara_au.jpg 71.22 76.80 19.87 
eyes/dan_ry.jpg 37.47 48.63 13.08 
eyes/eliska.jpg 44.39 45.05 8.08 
eyes/hanka.jpg 296.99 343.03 79.64 
eyes/hanka_dl.jpg 72.35 65.19 13.30 
eyes/jachym.jpg 74.72 71.58 14.80 
eyes/jakub_no.jpg 39.45 36.04 8.86 
eyes/jana.jpg 92.02 80.79 18.47 
eyes/japonce.jpg 51.57 52.40 11.44 
eyes/jitka.jpg 54.72 55.32 14.47 
eyes/kaori.jpg 85.90 108.89 23.51 
eyes/katka_sr.jpg 115.95 123.68 28.42 
eyes/katka_sz.jpg 73.54 62.07 17.34 
eyes/kuba_no.jpg 74.87 53.26 14.53 
eyes/lena.jpg 29.89 31.12 8.06 
eyes/maja.jpg 24.74 22.91 5.49 
eyes/marie_pa.jpg 80.03 77.48 19.71 
eyes/marketa.jpg 83.34 63.79 13.87 
eyes/misa_ma.jpg 52.68 40.90 9.96 
eyes/petr_dl.jpg 76.76 57.44 14.02 
eyes/petra_gi.jpg 149.18 133.48 33.61 
eyes/petra_va.jpg 36.03 36.50 9.46 
eyes/tereza.jpg 34.95 26.65 8.13 
eyes/tereza_ba.jpg 141.13 140.61 37.86 
eyes/terka.jpg 50.43 43.88 11.70 
eyes/tom_sy.jpg 196.05 146.43 33.57 
eyes/tyna_hl.jpg 146.60 133.72 33.78 
eyes/veru_kr.jpg 138.15 119.67 29.58 
eyes/vinzenz.jpg 47.94 40.25 8.77 
eyes/zuzana_ha.jpg 126.01 121.27 24.08 
eyes/zuzka.jpg 38.50 39.42 9.58 
instagram/000.jpg 61.74 34.75 13.55 192.32 91.66 13.91
instagram/001.jpg 70.00 230.12 26.43 168.37 69.97 26.35
instagram/002.jpg 34.69 52.23 11.69 147.07 52.06 11.78
instagram/003.jpg 58.13 64.07 16.55 215.24 69.00 17.09
instagram/004.jpg 35.35 99.54 10.63 97.16 37.47 10.85
instagram/005.jpg 26.97 54.29 13.69 33.70 164.23 11.50
instagram/006.jpg 36.52 33.35 9.60 133.00 37.41 9.83
instagram/007.jpg 61.45 64.60 14.26 204.23 46.14 14.40
instagram/008.jpg 65.30 74.15 15.18 216.00 59.20 15.46
instagram/009.jpg 35.44 44.32 8.88 120.23 43.44 8.51
instagram/010.jpg 45.80 43.47 11.56 163.53 53.21 12.23
instagram/011.jpg 88.17 92.86 20.41 282.38 67.78 21.28
instagram/012.jpg 147.64 29.79 12.87 37.99 45.63 12.59
instagram/013.jpg 36.59 43.03 11.06 125.13 50.22 11.51
instagram/014.jpg 38.65 41.02 9.66 154.35 42.57 9.97
instagram/015.jpg 52.96 60.96 10.42 161.09 55.77 10.98
instagram/016.jpg 69.89 56.11 10.44 170.06 47.00 9.55
instagram/017.jpg 36.36 80.49 8.12 106.53 30.20 7.62
instagram/018.jpg 52.58 49.73 13.83 176.22 52.90 13.71
instagram/019.jpg 61.65 73.63 15.92 199.24 65.99 15.85
instagram/020.jpg 45.55 34.16 11.37 151.12 43.80 11.88
instagram/021.jpg 48.01 53.74 12.80 171.39 51.41 12.33
instagram/022.jpg 70.08 63.53 13.33 195.62 78.03 13.15
instagram/023.jpg 33.97 45.06 10.27 120.53 27.20 10.05
instagram/024.jpg 60.02 39.19 10.07 177.85 37.34 10.16
instagram/025.jpg 60.90 65.36 15.02 203.19 67.61 14.80
instagram/026.jpg 37.44 49.97 10.89 122.91 53.91 11.86
instagram/027.jpg 33.33 34.98 7.02 94.86 21.33 6.43
instagram/028.jpg 51.71 47.53 12.61 170.57 48.88 11.92
instagram/029.jpg 44.65 52.66 14.04 196.11 45.43 13.72
instagram/030.jpg 44.57 50.22 12.59 168.58 48.74 12.16
instagram/031.jpg 54.06 10.56 21.13 238.93 57.90 19.95
instagram/032.jpg 58.00 20.23 18.47 230.70 41.16 19.36
instagram/033.jpg 44.75 53.17 13.92 165.68 109.11 13.64
instagram/034.jpg 39.63 58.39 10.66 127.65 40.31 11.07
instagram/035.jpg 55.45 53.01 15.23 181.44 90.03 15.29
instagram/036.jpg 45.19 52.23 14.91 206.66 56.66 15.25
instagram/037.jpg 60.16 168.65 11.66 80.05 50.23 12.56
instagram/038.jpg 69.35 59.80 16.92 230.66 61.32 16.94
instagram/039.jpg 51.13 52.26 13.06 173.58 51.15 12.77
instagram/040.jpg 33.05 77.28 14.33 34.27 199.16 13.17
instagram/041.jpg 34.33 151.12 13.49 96.04 43.16 13.30
instagram/042.jpg 45.92 47.61 13.02 162.12 45.36 12.90
instagram/043.jpg 51.52 55.67 10.65 169.08 49.79 10.91
instagram/044.jpg 65.12 59.28 17.13 229.12 66.61 18.09
instagram/045.jpg 38.06 41.44 10.77 142.79 33.68 10.88
instagram/046.jpg 35.51 44.96 11.11 139.51 66.21 12.08
instagram/047.jpg 37.02 48.95 8.69 136.95 37.05 8.52
instagram/048.jpg 36.30 43.64 12.04 112.85 72.90 11.67
instagram/049.jpg 36.35 61.33 11.40 129.59 52.15 10.81
instagram/050.jpg 61.16 102.35 14.71 202.77 51.48 17.12
instagram/051.jpg 62.34 44.64 13.31 218.57 48.75 14.45
instagram/052.jpg 40.37 30.34 13.03 143.44 118.28 12.79
instagram/053.jpg 60.64 55.45 13.55 181.13 52.27 15.08
instagram/054.jpg 33.35 55.88 11.33 151.77 40.43 11.50
instagram/055.jpg 49.72 258.96 22.13 140.32 80.67 21.38
instagram/056.jpg 33.62 39.99 13.40 116.25 120.49 11.37
instagram/058.jpg 35.91 27.50 8.32 123.88 42.49 9.24
instagram/059.jpg 44.23 51.28 9.87 151.89 63.32 11.41
instagram/060.jpg 49.47 42.62 9.82 148.80 54.37 10.23
instagram/061.jpg 27.46 46.41 9.94 104.46 89.98 9.57
instagram/062.jpg 31.87 27.08 6.76 96.29 38.75 6.84
instagram/063.jpg 63.22 59.84 12.97 182.39 80.69 12.15
instagram/064.jpg 31.80 150.32 13.10 75.07 57.30 13.25
instagram/065.jpg 33.99 27.06 7.57 112.40 33.62 9.11
instagram/066.jpg 68.02 75.16 17.76 195.25 165.95 18.39
instagram/067.jpg 59.11 28.04 17.32 229.24 34.27 17.56
instagram/068.jpg 31.51 134.08 11.06 108.79 37.73 11.58
instagram/069.jpg 37.41 41.67 8.29 130.58 32.37 8.35
instagram/070.jpg 61.24 69.54 18.12 216.64 85.48 16.91
instagram/071.jpg 37.25 35.12 10.09 155.15 38.83 10.34
instagram/072.jpg 67.68 64.08 15.87 217.24 53.20 15.24
instagram/073.jpg 34.42 45.20 9.56 135.48 41.84 11.77
instagram/074.jpg 49.46 54.99 12.53 151.43 56.60 12.80
instagram/075.jpg 56.94 57.79 14.24 184.59 79.59 14.57
instagram/076.jpg 42.63 60.10 12.73 145.44 48.52 14.18
instagram/077.jpg 32.86 38.83 9.26 127.17 35.04 9.09
instagram/078.jpg 37.67 35.67 12.53 125.45 63.93 9.96
instagram/079.jpg 48.54 44.81 10.73 152.77 57.23 11.01
instagram/080.jpg 47.53 68.69 10.08 167.17 59.90 13.27
instagram/081.jpg 28.56 39.19 11.11 92.44 131.23 11.81
instagram/082.jpg 39.98 55.90 13.58 162.29 47.86 12.44
instagram/083.jpg 31.68 19.56 6.46 98.28 21.35 6.71
instagram/084.jpg 69.37 80.85 18.26 247.49 70.20 17.94
instagram/085.jpg 46.26 84.03 13.03 156.77 49.36 12.15
instagram/086.jpg 32.61 34.71 7.44 103.18 32.36 6.95
instagram/087.jpg 40.49 42.33 10.55 128.66 38.05 10.88
instagram/088.jpg 43.23 39.23 9.06 143.45 63.48 9.24
instagram/089.jpg 52.39 63.57 13.72 195.79 75.30 14.00
instagram/090.jpg 22.13 26.38 4.69 70.60 21.61 4.97
instagram/091.jpg 32.66 31.06 6.87 108.00 44.21 7.29
instagram/092.jpg 24.29 35.45 5.09 83.57 28.13 5.62
instagram/093.jpg 50.31 49.48 17.29 201.79 81.93 16.59
instagram/094.jpg 64.68 70.45 18.08 255.19 24.45 19.40
instagram/095.jpg 50.52 62.24 14.51 177.72 51.53 15.94
instagram/096.jpg 54.00 56.32 15.49 178.06 97.41 16.73
instagram/097.jpg 43.05 94.75 13.67 161.31 54.35 13.27
instagram/098.jpg 67.26 82.31 19.77 241.70 30.97 21.73
instagram/099.jpg 35.44 49.02 8.43 116.42 43.12 8.23
instagram/100.jpg 44.98 43.95 13.14 173.05 44.40 12.34
instagram/101.jpg 32.00 41.70 6.15 100.69 46.42 6.74
instagram/102.jpg 48.62 45.61 11.70 149.23 52.86 10.72
instagram/103.jpg 48.27 48.61 14.75 171.56 100.60 14.18
instagram/104.jpg 63.27 196.71 23.75 251.73 54.67 25.87
instagram/105.jpg 54.78 60.06 16.16 154.37 164.32 14.35
instagram/106.jpg 35.09 38.21 12.84 122.41 65.85 11.31
instagram/107.jpg 39.53 137.61 13.42 158.35 61.38 13.91
instagram/108.jpg 67.42 75.81 15.33 215.44 61.61 15.73
instagram/109.jpg 45.87 69.78 11.87 152.57 40.20 12.36
instagram/110.jpg 47.03 60.81 11.64 158.00 61.55 10.33
instagram/111.jpg 35.43 65.99 12.76 153.94 58.49 12.18
instagram/112.jpg 45.75 31.86 10.12 126.62 71.45 10.49
instagram/113.jpg 52.82 51.66 11.36 149.62 67.45 11.06
instagram/114.jpg 38.97 35.78 9.73 129.57 45.18 9.44
instagram/115.jpg 56.86 68.39 14.58 215.81 59.78 14.87
instagram/116.jpg 62.59 56.70 16.81 210.72 54.39 16.47
instagram/117.jpg 52.77 73.22 18.31 146.89 187.57 19.13
instagram/118.jpg 44.81 78.47 10.66 155.59 58.07 11.26
instagram/119.jpg 20.13 116.38 10.58 99.27 48.70 9.65
instagram/120.jpg 56.55 79.94 18.09 224.13 55.24 18.45
instagram/121.jpg 41.43 85.10 14.95 195.73 97.63 14.78
instagram/122.jpg 50.02 48.29 14.00 176.19 96.16 14.25
instagram/123.jpg 62.61 67.64 14.48 161.63 67.66 12.91
instagram/124.jpg 44.60 34.05 10.37 127.75 58.02 9.29
instagram/125.jpg 40.55 62.47 13.58 160.79 49.83 14.37
instagram/126.jpg 34.42 76.14 13.12 153.09 58.08 13.29
instagram/127.jpg 50.56 53.61 13.09 179.49 41.08 12.83
instagram/128.jpg 37.66 70.05 10.34 126.74 34.94 9.04
instagram/129.jpg 55.74 145.57 11.68 127.98 61.80 11.50
instagram/130.jpg 70.56 198.17 17.12 138.78 46.57 19.22
instagram/131.jpg 51.71 34.51 10.28 161.64 40.23 11.01
instagram/132.jpg 38.67 49.58 7.96 118.29 38.64 7.35
instagram/133.jpg 46.02 39.81 11.99 172.60 40.92 11.57
instagram/134.jpg 44.86 44.78 10.61 153.28 45.84 10.85
instagram/135.jpg 40.58 41.27 9.58 141.44 59.25 10.22
instagram/136.jpg 51.02 50.71 12.97 179.83 82.36 13.53
instagram/137.jpg 49.15 101.82 11.91 150.33 38.80 11.92
instagram/138.jpg 27.93 39.02 9.67 95.57 89.18 9.61
instagram/139.jpg 41.27 51.21 11.06 125.80 111.12 11.17
instagram/140.jpg 27.28 23.82 7.08 107.57 35.03 7.69
instagram/141.jpg 40.18 35.34 10.33 150.08 28.24 9.84
instagram/142.jpg 36.32 50.27 9.42 137.00 53.86 10.27
instagram/143.jpg 45.34 39.71 11.20 169.30 49.41 12.14
instagram/144.jpg 27.71 40.60 9.93 54.08 128.95 9.30
instagram/145.jpg 41.97 43.50 10.60 140.67 56.03 10.53
instagram/146.jpg 70.75 62.63 20.72 261.58 79.43 21.52
instagram/147.jpg 30.80 26.37 7.80 108.67 31.61 7.17
instagram/148.jpg 54.39 81.54 14.19 181.99 51.01 15.06
instagram/149.jpg 37.48 24.42 9.91 123.49 20.99 9.43
instagram/150.jpg 50.50 54.91 8.90 145.23 34.01 9.36
instagram/151.jpg 42.13 53.15 14.34 153.14 108.74 14.22
instagram/152.jpg 53.45 56.97 11.40 165.39 48.66 11.01
instagram/153.jpg 49.15 43.82 10.52 151.07 44.95 10.48
instagram/154.jpg 51.67 46.88 14.10 190.14 54.31 15.37
instagram/155.jpg 48.20 51.26 13.22 176.18 81.23 13.56
instagram/156.jpg 35.32 41.22 10.07 117.98 29.22 9.92
instagram/157.jpg 29.50 114.57 9.21 89.87 44.19 9.00
instagram/158.jpg 39.83 38.95 9.38 141.87 39.87 8.76
instagram/159.jpg 23.82 33.91 7.10 105.31 39.17 7.44
instagram/160.jpg 63.66 56.18 14.67 209.73 46.47 13.24
instagram/161.jpg 49.36 58.82 14.96 177.41 88.91 15.62
instagram/162.jpg 95.04 82.21 16.59 249.84 45.17 15.86
instagram/163.jpg 87.17 87.50 18.65 266.28 48.95 19.48
instagram/164.jpg 49.74 33.94 11.23 144.13 60.70 10.48
instagram/165.jpg 56.11 33.37 13.59 191.36 63.30 12.22
instagram/166.jpg 60.18 72.64 12.66 188.85 50.47 13.19
instagram/167.jpg 48.91 67.97 12.38 177.78 57.14 11.94
instagram/168.jpg 38.12 55.58 10.76 144.28 44.63 10.06
instagram/169.jpg 60.68 98.67 15.36 204.13 55.92 15.52
instagram/170.jpg 27.79 34.20 7.92 116.20 30.90 8.25
instagram/171.jpg 26.74 19.87 5.44 81.79 19.60 5.20
instagram/172.jpg 46.23 45.43 10.38 152.24 52.10 9.93
instagram/173.jpg 42.84 57.74 10.86 142.82 61.61 12.57
instagram/174.jpg 36.42 35.51 7.03 128.89 38.15 7.36
instagram/175.jpg 44.67 56.32 12.42 152.41 89.81 12.62
instagram/176.jpg 37.74 57.66 15.11 37.32 194.15 13.62
instagram/177.jpg 49.13 51.48 11.25 156.90 49.22 11.74
instagram/178.jpg 33.94 58.79 9.03 130.00 41.27 10.15
instagram/179.jpg 46.44 56.44 11.52 167.07 52.17 13.91
instagram/180.jpg 45.20 44.84 11.01 154.13 61.15 11.43
instagram/181.jpg 37.68 66.34 10.45 127.93 52.26 10.89
instagram/182.jpg 29.65 28.13 8.45 108.70 63.21 8.08
instagram/183.jpg 45.68 32.40 10.08 149.64 39.33 10.22
instagram/184.jpg 33.96 54.60 4.55 81.68 32.19 4.36
instagram/185.jpg 56.56 64.68 11.09 181.13 57.79 12.71
instagram/186.jpg 36.01 42.00 10.74 137.44 71.48 9.92
instagram/187.jpg 50.70 35.29 11.18 143.72 34.70 11.16
instagram/188.jpg 53.70 61.34 11.92 168.90 46.28 11.40
instagram/189.jpg 68.57 63.07 14.03 217.67 55.53 14.52
instagram/190.jpg 46.54 49.30 14.15 170.24 107.20 14.20
instagram/191.jpg 35.26 51.56 11.99 134.33 35.80 10.97
instagram/192.jpg 62.51 79.11 13.35 196.45 54.29 13.30
instagram/193.jpg 33.13 30.89 7.87 119.91 50.78 7.76
instagram/194.jpg 57.25 45.24 15.10 210.41 68.55 14.26
instagram/195.jpg 20.53 20.54 4.93 67.21 51.50 4.86
instagram/196.jpg 53.42 86.81 12.54 173.41 46.91 12.16
instagram/197.jpg 19.17 20.29 5.13 65.60 13.82 5.20
instagram/198.jpg 52.79 55.96 10.48 163.64 68.52 10.32
instagram/199.jpg 24.98 31.37 7.01 79.97 78.34 7.20
instagram/200.jpg 55.53 47.54 13.67 184.92 47.00 14.64
instagram/201.jpg 44.33 36.49 8.39 134.38 53.61 8.43
instagram/202.jpg 40.34 48.18 10.64 153.08 47.19 9.93
instagram/203.jpg 48.41 48.18 11.36 146.69 59.56 11.76
instagram/204.jpg 28.87 34.12 8.29 98.53 71.00 8.62
instagram/205.jpg 33.49 49.27 8.71 125.50 40.17 9.59
instagram/206.jpg 48.66 37.44 10.15 171.62 80.81 11.53
models/000.jpg 30.96 31.27 9.58 123.46 46.35 10.21
models/001.jpg 62.85 54.96 16.63 220.34 41.68 16.31
models/002.jpg 26.62 23.39 7.35 105.26 38.91 7.29
models/003.jpg 33.59 28.83 8.90 122.14 43.83 8.17
models/004.jpg 35.26 28.29 7.86 118.10 29.45 8.90
models/005.jpg 32.72 30.00 9.01 112.07 26.22 8.67
models/006.jpg 32.28 25.02 7.07 113.20 25.81 7.37
models/007.jpg 34.39 35.34 8.20 110.19 47.99 8.41
models/008.jpg 31.19 36.42 7.56 110.06 40.72 7.87
models/009.jpg 27.60 30.00 8.16 98.11 27.34 7.61
models/010.jpg 34.05 43.50 8.66 107.08 20.13 8.77
models/011.jpg 34.59 45.44 6.21 95.47 20.45 6.35
models/012.jpg 31.81 18.25 7.15 104.05 20.11 7.42
models/013.jpg 31.67 38.09 5.81 86.37 27.20 6.03
models/014.jpg 35.33 34.65 9.22 120.33 37.58 9.43
models/015.jpg 29.62 22.41 6.52 88.79 23.89 6.82
models/016.jpg 40.11 41.39 7.40 101.99 30.42 6.80
models/017.jpg 25.46 34.91 8.44 96.78 31.49 8.29
models/018.jpg 32.76 20.96 7.91 108.47 26.10 7.91
models/019.jpg 22.08 24.86 7.78 94.92 29.71 7.97
models/020.jpg 36.43 23.82 11.19 143.35 24.91 10.92
models/021.jpg 44.56 41.63 8.85 119.46 31.85 8.27
models/022.jpg 36.56 30.22 8.05 115.36 28.04 8.04
models/023.jpg 32.90 30.15 9.43 120.57 26.19 9.55
models/024.jpg 77.85 204.53 14.68 124.17 82.02 14.37
models/025.jpg 53.37 32.32 7.41 24.17 94.77 8.39
models/026.jpg 32.47 29.27 8.23 109.58 23.42 8.68
models/027.jpg 40.46 34.00 7.82 116.88 39.94 7.48
models/028.jpg 37.26 34.26 8.41 109.40 36.71 7.43
models/029.jpg 25.38 29.71 7.80 104.40 33.27 7.64
models/030.jpg 28.95 65.80 6.91 87.71 27.71 6.93
models/031.jpg 41.74 33.88 8.93 124.85 24.41 10.20
models/032.jpg 67.01 63.20 19.01 239.67 121.88 19.16
models/033.jpg 29.45 41.97 7.91 100.76 31.42 8.06
models/034.jpg 21.46 26.98 7.68 89.44 47.26 7.63
models/035.jpg 47.86 46.28 11.14 153.37 42.15 11.35
models/036.jpg 66.62 104.61 14.05 238.07 67.69 14.37
models/037.jpg 46.65 42.93 14.28 167.78 74.41 13.18
models/038.jpg 44.58 22.89 7.42 125.04 25.51 8.29
models/039.jpg 31.60 27.29 8.67 120.60 28.49 8.24
models/040.jpg 43.38 55.17 7.66 117.76 31.65 7.71
models/041.jpg 39.18 29.86 9.07 129.06 38.94 8.61
models/042.jpg 28.24 29.22 9.40 105.75 70.20 8.61
models/043.jpg 58.71 23.34 13.48 187.10 29.61 14.22
models/044.jpg 27.20 25.65 7.52 90.89 41.62 7.24
models/045.jpg 31.06 32.25 7.54 104.06 23.65 8.21
models/046.jpg 33.06 27.97 8.27 110.60 35.93 7.92
models/047.jpg 43.28 26.88 8.25 125.55 29.37 8.12
models/048.jpg 32.13 48.91 6.98 90.82 17.52 7.07
models/049.jpg 24.71 20.00 6.77 91.19 27.51 6.55
models/050.jpg 35.48 63.48 7.57 98.21 36.52 6.83
models/051.jpg 41.85 38.42 9.13 128.25 83.85 9.59
models/052.jpg 39.23 29.22 8.86 126.12 35.52 8.99
models/053.jpg 25.22 38.61 6.90 80.20 26.13 8.00
models/054.jpg 25.62 29.25 7.76 99.64 33.51 6.76
models/055.jpg 38.48 30.87 7.36 120.05 28.18 7.37
models/056.jpg 64.86 58.09 16.32 201.51 42.75 15.49
models/057.jpg 70.67 48.86 14.51 196.04 52.13 14.27
models/058.jpg 35.07 29.47 7.59 108.33 35.52 7.68
models/059.jpg 30.39 35.92 7.73 93.51 42.98 6.54
models/060.jpg 32.39 31.13 6.35 94.34 38.41 6.28
models/061.jpg 57.21 50.64 11.68 175.19 44.38 11.58
models/062.jpg 56.02 106.19 21.00 243.84 41.21 21.16
models/063.jpg 40.22 27.05 7.63 127.62 29.78 7.91
models/064.jpg 39.51 33.68 8.29 118.51 29.82 7.81
models/065.jpg 33.12 25.67 7.16 104.90 23.19 7.28
models/066.jpg 35.38 31.57 8.02 118.20 41.62 8.12
models/067.jpg 38.58 29.47 7.71 115.08 26.71 7.42
models/068.jpg 36.80 33.24 9.40 128.45 35.98 10.19
models/069.jpg 36.22 22.35 7.53 121.91 29.35 7.82
models/070.jpg 32.18 70.02 9.48 108.90 32.76 9.90
models/071.jpg 32.06 31.23 8.99 109.50 32.20 8.78
models/072.jpg 29.28 29.73 6.72 99.75 22.62 7.23
models/073.jpg 29.86 39.23 9.85 100.60 92.78 10.39
models/074.jpg 40.07 35.08 7.68 125.13 26.63 8.63
models/075.jpg 36.72 84.49 12.43 162.88 36.51 11.65
models/076.jpg 29.70 35.32 6.88 98.98 23.75 6.92
models/077.jpg 18.82 29.45 8.62 78.21 43.28 9.27
models/078.jpg 41.23 28.42 8.59 124.91 23.96 8.21
models/079.jpg 77.26 86.98 22.27 274.99 55.26 21.51
models/080.jpg 67.23 88.13 15.29 201.12 43.01 14.68
models/081.jpg 32.65 47.83 8.14 110.17 34.41 8.12
models/082.jpg 42.70 22.30 7.42 116.98 21.35 6.60
models/083.jpg 46.78 32.16 8.47 126.42 35.64 8.09
models/084.jpg 38.86 38.91 9.00 120.29 32.45 8.83
models/085.jpg 28.97 38.42 8.05 109.00 44.71 8.25
models/086.jpg 34.38 31.90 7.72 111.58 33.01 7.01
models/087.jpg 40.38 37.70 8.50 127.03 34.23 8.36
models/088.jpg 56.45 57.73 16.27 225.00 70.64 15.96
models/089.jpg 60.41 49.25 18.45 241.07 61.88 19.05
models/090.jpg 35.93 29.95 7.82 110.12 36.09 7.88
models/091.jpg 30.63 18.66 7.21 103.85 24.14 7.05
models/092.jpg 22.34 31.26 6.17 85.40 28.00 6.15
models/093.jpg 33.85 35.59 7.53 97.29 25.10 7.84
models/094.jpg 30.54 23.58 7.81 101.09 38.17 7.42
models/095.jpg 32.72 34.88 8.08 112.74 31.66 7.51
models/096.jpg 60.39 72.25 10.45 173.35 50.62 11.04
models/097.jpg 32.90 33.96 7.47 112.20 42.31 7.89
models/098.jpg 20.98 28.73 6.06 68.65 40.99 5.65
models/099.jpg 38.29 41.02 9.39 130.81 51.02 9.37
models/100.jpg 28.52 26.39 8.14 110.65 29.77 8.11
models/101.jpg 42.83 29.54 8.23 128.87 28.08 8.98
models/102.jpg 89.31 93.10 8.29 39.54 31.18 8.66
models/103.jpg 31.66 18.68 7.38 108.36 26.36 7.37
models/104.jpg 26.81 30.40 8.63 98.65 41.61 8.39
models/105.jpg 21.44 19.55 4.77 63.50 28.50 4.98
models/106.jpg 31.82 24.16 8.32 111.47 40.97 8.19
models/107.jpg 35.44 78.33 9.48 97.03 34.97 11.28
models/108.jpg 37.12 33.82 9.00 128.39 30.87 8.18
models/109.jpg 37.02 31.07 7.34 113.71 26.78 6.91
models/110.jpg 41.26 35.85 8.23 114.85 41.50 8.34
models/111.jpg 30.27 39.96 7.11 103.52 39.25 6.98
models/112.jpg 36.15 33.06 9.94 117.73 60.26 8.72
models/113.jpg 29.51 34.01 7.41 105.28 27.38 7.45
models/114.jpg 27.02 32.51 8.01 110.55 25.91 7.68
models/115.jpg 26.06 33.81 9.25 105.51 42.74 8.42
models/116.jpg 24.58 31.10 6.44 88.69 22.38 6.05
models/117.jpg 32.50 38.08 8.73 111.12 40.05 8.90
models/118.jpg 28.71 29.92 7.53 94.40 35.85 7.32
models/119.jpg 58.68 69.57 18.02 229.75 66.61 18.94
models/120.jpg 32.17 35.50 8.66 121.73 37.57 7.96
models/121.jpg 25.43 21.01 6.28 73.40 27.15 5.86
models/122.jpg 31.74 50.70 6.85 90.61 19.13 7.11
models/123.jpg 23.31 35.19 11.32 90.13 144.32 12.08
models/124.jpg 26.11 30.37 7.20 97.81 28.54 7.57
models/125.jpg 36.35 52.91 7.90 103.91 33.39 9.96
models/126.jpg 55.59 80.42 17.39 201.90 56.86 18.01
models/127.jpg 35.37 27.37 8.10 110.24 31.23 8.35
models/128.jpg 35.98 37.00 8.06 108.17 25.39 8.08
models/129.jpg 29.66 31.29 7.52 94.68 38.95 7.80
models/130.jpg 36.02 34.29 6.70 98.62 28.39 7.16
models/131.jpg 89.39 252.81 33.79 338.36 53.48 34.83
models/132.jpg 25.27 23.85 6.86 92.52 28.39 7.05
models/133.jpg 41.16 46.80 10.44 140.91 59.65 10.65
models/134.jpg 36.31 47.41 7.92 102.08 26.81 7.79
models/135.jpg 27.59 24.84 6.46 97.60 22.81 7.08
models/136.jpg 26.43 26.82 7.64 89.40 62.92 7.65
models/137.jpg 27.08 20.45 7.04 89.17 50.11 7.08
models/138.jpg 28.00 35.59 7.99 106.70 30.95 7.96
models/139.jpg 27.89 36.35 8.46 113.09 39.48 8.11
models/140.jpg 31.84 27.13 8.00 117.73 39.40 8.05
models/141.jpg 27.71 21.10 6.93 95.58 41.81 7.04
models/142.jpg 41.33 49.71 9.05 130.83 32.42 9.12
models/143.jpg 33.63 36.57 10.07 96.11 27.26 8.63
models/144.jpg 34.88 63.67 7.21 95.73 30.65 7.56
models/145.jpg 39.84 48.66 9.08 139.38 49.43 9.18
models/146.jpg 32.23 25.58 7.05 96.36 31.05 7.02
models/147.jpg 36.65 18.71 7.85 105.08 23.53 6.68
models/148.jpg 38.27 67.86 6.73 92.96 20.88 6.46
models/149.jpg 30.47 29.75 7.34 105.02 27.85 6.82
models/150.jpg 30.79 36.15 9.14 96.54 44.26 8.56
models/151.jpg 36.13 34.59 8.05 108.08 41.91 7.53
models/152.jpg 69.50 66.06 19.79 256.53 36.20 20.54
models/153.jpg 34.60 34.20 7.43 98.82 26.67 7.82
models/154.jpg 37.74 64.66 12.36 139.65 28.89 12.46
models/155.jpg 27.60 27.87 8.05 97.20 36.41 7.55
models/156.jpg 26.16 31.33 7.14 86.59 30.47 7.37
models/157.jpg 40.58 32.26 9.16 116.43 80.12 8.68
models/158.jpg 33.39 30.32 8.23 118.45 37.55 8.32
models/159.jpg 36.25 57.82 7.69 106.66 32.77 8.05
models/160.jpg 27.77 80.91 9.23 113.08 26.14 9.13
models/161.jpg 33.23 122.12 9.87 97.30 34.11 9.90
models/162.jpg 48.76 118.94 16.02 196.82 53.06 16.53
models/163.jpg 25.60 31.51 6.02 85.63 43.82 5.76
models/164.jpg 31.05 34.31 8.48 112.59 35.65 8.98
models/165.jpg 62.25 41.81 11.98 172.15 34.98 12.79
models/166.jpg 52.65 43.79 8.32 131.03 34.47 8.66
models/167.jpg 30.86 25.21 6.64 98.23 33.08 7.38
models/168.jpg 27.49 27.22 7.20 92.02 33.20 6.87
models/169.jpg 35.70 47.80 8.07 117.94 41.57 8.09
models/170.jpg 59.97 50.50 21.48 279.78 80.66 22.10
models/171.jpg 43.53 44.04 8.53 117.50 20.65 9.19
models/172.jpg 32.45 24.84 8.23 111.34 21.88 8.02
models/173.jpg 50.10 83.38 12.64 177.53 48.27 12.90
models/174.jpg 47.54 100.15 11.37 121.35 45.06 10.81
models/175.jpg 45.24 102.18 13.71 153.83 35.33 13.45
models/176.jpg 33.18 28.96 7.42 102.31 45.64 7.29
models/177.jpg 43.77 61.73 9.94 139.99 39.39 9.66
models/178.jpg 26.58 30.55 5.13 76.98 28.40 4.70
models/179.jpg 30.02 19.49 8.27 111.14 26.62 8.11
models/180.jpg 57.43 92.82 17.82 237.09 60.02 17.72
models/181.jpg 37.71 40.35 7.94 122.91 30.91 7.72
models/182.jpg 28.40 32.82 9.01 108.70 49.07 8.68
models/183.jpg 33.55 26.38 7.88 124.48 26.68 8.92
models/184.jpg 34.78 29.47 8.37 120.41 26.54 8.21
models/185.jpg 25.90 22.28 7.47 94.83 28.03 6.69
models/186.jpg 57.55 75.91 16.30 194.66 50.67 15.35
models/187.jpg 41.70 47.35 8.10 126.75 34.43 8.03
models/188.jpg 50.38 29.40 9.03 141.65 28.78 9.61
models/189.jpg 33.92 26.86 7.41 97.73 34.73 7.81
models/190.jpg 80.72 50.14 16.04 222.04 50.89 15.69
models/191.jpg 35.11 37.89 7.95 114.13 31.38 8.56
models/192.jpg 43.58 37.29 9.95 147.02 45.78 9.64
models/193.jpg 71.36 249.97 19.34 133.86 81.22 18.78
models/194.jpg 41.31 57.87 9.93 107.70 24.99 9.68
